<script>
    export let isSmall; // Prop to control visibility of blobs
  </script>
  <!-- <div class="blob" class:hidden={isSmall}>
  <svg viewBox="0 0 500 500" xmlns="http://www.w3.org/2000/svg" xmlns:xlink="http://www.w3.org/1999/xlink" width="100%" id="blobSvg">
    <path fill="#fde899">
      <animate attributeName="d"
        dur="10000ms"
        repeatCount="indefinite"
        values="M425,307.5Q387,365,340,429Q293,493,223.5,454.5Q154,416,129.5,359.5Q105,303,98.5,247.5Q92,192,121.5,135Q151,78,218,65.5Q285,53,359.5,74.5Q434,96,448.5,173Q463,250,425,307.5Z;
      
      M406.5,309Q391,368,337.5,405Q284,442,225.5,417.5Q167,393,101,360.5Q35,328,30.5,248Q26,168,98.5,140Q171,112,230,71Q289,30,351.5,71Q414,112,418,181Q422,250,406.5,309Z;

      M460,327Q433,404,363,449Q293,494,231,442Q169,390,127.5,350Q86,310,90,251.5Q94,193,118.5,128.5Q143,64,216,46.5Q289,29,333.5,86Q378,143,432.5,196.5Q487,250,460,327Z;

      M425,307.5Q387,365,340,429Q293,493,223.5,454.5Q154,416,129.5,359.5Q105,303,98.5,247.5Q92,192,121.5,135Q151,78,218,65.5Q285,53,359.5,74.5Q434,96,448.5,173Q463,250,425,307.5Z;">
      </animate>
    </path>
  </svg>
</div>

<div class="blob2" class:hidden={isSmall}>
  <svg viewBox="0 0 500 500" xmlns="http://www.w3.org/2000/svg" xmlns:xlink="http://www.w3.org/1999/xlink" width="100%" id="blobSvg">
    <path fill="#e59965">
      <animate attributeName="d"
        dur="10000ms"
        repeatCount="indefinite"
        values="M425,307.5Q387,365,340,429Q293,493,223.5,454.5Q154,416,129.5,359.5Q105,303,98.5,247.5Q92,192,121.5,135Q151,78,218,65.5Q285,53,359.5,74.5Q434,96,448.5,173Q463,250,425,307.5Z;

              M460,327Q433,404,363,449Q293,494,231,442Q169,390,127.5,350Q86,310,90,251.5Q94,193,118.5,128.5Q143,64,216,46.5Q289,29,333.5,86Q378,143,432.5,196.5Q487,250,460,327Z;
      
      M406.5,309Q391,368,337.5,405Q284,442,225.5,417.5Q167,393,101,360.5Q35,328,30.5,248Q26,168,98.5,140Q171,112,230,71Q289,30,351.5,71Q414,112,418,181Q422,250,406.5,309Z;

      M425,307.5Q387,365,340,429Q293,493,223.5,454.5Q154,416,129.5,359.5Q105,303,98.5,247.5Q92,192,121.5,135Q151,78,218,65.5Q285,53,359.5,74.5Q434,96,448.5,173Q463,250,425,307.5Z;">
      </animate>
    </path>
  </svg>
</div> -->

  <div class="blob" class:hidden={isSmall}>
    <svg viewBox="0 0 500 500" xmlns="http://www.w3.org/2000/svg" xmlns:xlink="http://www.w3.org/1999/xlink" width="100%" id="blobSvg">
      <path fill="#fde899">
        <animate attributeName="d"
          dur="10000ms"
          repeatCount="indefinite"
          values="M425,307.5Q387,365,340,429Q293,493,223.5,454.5Q154,416,129.5,359.5Q105,303,98.5,247.5Q92,192,121.5,135Q151,78,218,65.5Q285,53,359.5,74.5Q434,96,448.5,173Q463,250,425,307.5Z;
        
        M406.5,309Q391,368,337.5,405Q284,442,225.5,417.5Q167,393,101,360.5Q35,328,30.5,248Q26,168,98.5,140Q171,112,230,71Q289,30,351.5,71Q414,112,418,181Q422,250,406.5,309Z;
  
        M460,327Q433,404,363,449Q293,494,231,442Q169,390,127.5,350Q86,310,90,251.5Q94,193,118.5,128.5Q143,64,216,46.5Q289,29,333.5,86Q378,143,432.5,196.5Q487,250,460,327Z;
  
        M425,307.5Q387,365,340,429Q293,493,223.5,454.5Q154,416,129.5,359.5Q105,303,98.5,247.5Q92,192,121.5,135Q151,78,218,65.5Q285,53,359.5,74.5Q434,96,448.5,173Q463,250,425,307.5Z;">
        </animate>
      </path>
    </svg>
  </div>
  
  <div class="blob2" class:hidden={isSmall}>
    <svg viewBox="0 0 500 500" xmlns="http://www.w3.org/2000/svg" xmlns:xlink="http://www.w3.org/1999/xlink" width="100%" id="blobSvg">
      <path fill="#e59965">
        <animate attributeName="d"
          dur="10000ms"
          repeatCount="indefinite"
          values="M425,307.5Q387,365,340,429Q293,493,223.5,454.5Q154,416,129.5,359.5Q105,303,98.5,247.5Q92,192,121.5,135Q151,78,218,65.5Q285,53,359.5,74.5Q434,96,448.5,173Q463,250,425,307.5Z;
        
        M406.5,309Q391,368,337.5,405Q284,442,225.5,417.5Q167,393,101,360.5Q35,328,30.5,248Q26,168,98.5,140Q171,112,230,71Q289,30,351.5,71Q414,112,418,181Q422,250,406.5,309Z;
  
        M460,327Q433,404,363,449Q293,494,231,442Q169,390,127.5,350Q86,310,90,251.5Q94,193,118.5,128.5Q143,64,216,46.5Q289,29,333.5,86Q378,143,432.5,196.5Q487,250,460,327Z;">
        </animate>
      </path>
    </svg>
  </div>
  
  <style>
 /* BLOB CSS */
 .blob {
    position: absolute;
    top: -10%;
    left: 60%;
    fill: #023F92;
    width: 50vmax;
    z-index: -1;
    animation: move 10s ease-in-out infinite;
    transform-origin: 50% 50%;
  }


  .blob2 {
    position: absolute;
    top: 5%;
    left: -10%;
    fill: #023F92;
    width: 50vmax;
    z-index: -1;
    animation: move 10s ease-in-out infinite;
    transform-origin: 50% 50%;
  }


 
.blob.hidden, .blob2.hidden {
  visibility: hidden;
   opacity: 0;
}


.blob, .blob2{
  filter: drop-shadow(0.35rem 0.35rem 0.4rem rgba(0, 0, 0, 0.092));
  box-shadow: rgba(17, 12, 46, 0.15)


}

  </style>
  